encode
2450755335 1006
332629747 188
1856270209 996
784103857 936
4131206550 845
3104584689 616
90736731 672
2188845068 676
3485788321 470
2795653822 983
1401279464 605
3183922338 361
509193262 169
106214328 947
4160532606 958
19153880 589
1274421468 163
1117593442 19
170750970 970
673911038 573
1654045299 846
804634853 318
1082224915 107
1985014957 544
3392703195 979
4036709891 880
3485453980 540
2295934680 521
1940315153 1004
815818335 34
2024287710 1011
1688922523 1002
1515516126 118
618192121 1016
1960741805 487
3056462344 338
3947594152 889
2963296533 193
3962476250 350
829726289 589
1939021140 7
2419071102 641
1454907958 1010
306043250 659
1013588903 473
4071996181 466
2493606841 527
1130965897 372
3309809777 285
857600341 789
3322217696 661
1598410184 850
1704536172 127
2288387478 820
4100811112 648
4190894104 1004
2889289911 999
4216809403 557
4085502938 690
1505900401 9
2844206811 896
682672577 744
3196230580 1005
3695795978 250
3386028007 244
3560880781 238
2325472884 78
2027779160 667
4071943193 187
3458683116 605
9605014 223
694033360 583
1057326744 948
338681253 890
1089084297 36
3175143056 582
2819974148 802
806656070 123
2896456427 511
1248852409 580
3601832936 517
3622846721 934
1764737527 885
1929204301 500
2987808206 324
691829684 580
1303809235 328
4122465961 147
2430268178 981
1130132887 389
1440042326 349
1974352939 302
1282622565 372
1412527782 59
1920655222 211
4045236131 402
1475012687 607
505944646 904
2228932401 648
3051031759 503
480679943 404
327918137 3
4138878167 539
776979009 196
3623392794 884
3277468434 292
1100691999 761
716372614 586
1716633019 662
1408612791 997
2335368541 600
3826433074 945
342778137 51
1233918052 202
2687589177 994
2760172191 600
1962540653 541
2565879379 936
2114592723 37
1130995988 100
4211881640 287
2860979381 594
2227343529 894
4206744615 970
3997548596 321
676051353 364
1391292111 306
3746043934 248
2997260278 565
499133839 707
3897399151 624
799768478 421
1989792355 474
2166063363 883
1809386414 859
4219579846 421
717607509 424
3244874200 195
141230470 607
2678026453 3
390008594 2
986761864 554
3640199151 371
79490760 565
3171669241 893
29427812 749
3361236693 383
2586015700 775
87733966 804
2682185780 322
3865543727 378
2769271743 941
1995528222 84
3581068647 997
3005535708 736
207306942 2
4045155490 933
346932438 194
3204113111 424
1862440531 244
1738597615 506
3131556290 120
4049794890 948
1800070923 434
996846172 823
4173691479 819
621743514 218
3945630224 177
4093757141 265
1613819742 375
2820460107 928
4001588785 53
1332464103 358
122919398 844
21117914 669
2479126874 319
1884193750 396
1448667522 529
2066639098 22
3121933838 925
1519366531 267
2275396504 731
311970985 666
3240676064 583
3154290550 707
2632325376 547
1675681387 755
2980093609 387
3077008351 386
3595227725 244
2087840951 960
454739454 596
1610872451 752
3095945311 1012
3593868291 80
1738730239 902
2764144522 747
3322577982 851
680885584 319
3037396253 816
3745532266 833
2848090281 219
1469972412 240
3991632020 770
1172962393 285
3356272165 393
694668793 447
1675360015 544
2750544621 965
4245333640 395
337348713 537
616197981 935
3261508164 327
3886173783 520
1623377277 919
2842024362 644
1438196984 613
3632921744 307
3371673748 420
1541000192 762
882952012 637
3841510139 909
3246756091 367
1597786139 952
1521586358 260
2853815374 115
575452169 86
315829722 557
3283205834 163
2983552742 628
915700672 146
4138921882 749
3151932774 701
3860352016 1001
1415161269 989
622334675 782
2684043329 273
1472175050 757
3045314857 183
2563469716 840
2164114277 159
2048097187 609
4224495778 742
1366993966 437
2889979853 361
3414951889 476
3397359015 166
1430689194 302
1094321337 23
3405286939 193
418376018 46
2664919468 803
1586952024 586
40373138 612
77170212 285
3263083218 496
550421072 892
2130464615 1018
3376861314 103
1287985003 325
1127615599 673
1801926529 691
3794510115 704
2041500894 589
3691975539 465
1054775537 930
3715451216 186
4095565649 509
1237922518 989
4180359156 201
3276873795 81
1683126589 552
2625964241 834
2162905154 985
1832643035 47
2148562237 452
2968043937 439
3269265973 331
2078242936 408
967911261 679
338931163 25
4218446361 336
3896096767 49
820702142 462
2602796619 6
2914891204 466
2885749666 412
2838667494 821
431038551 21
2298272023 130
1954632599 28
2916390911 336
3763840056 165
3446891211 84
837684218 376
970456675 1002
3235751173 157
314208802 830
183950684 997
3669104177 518
387198306 674
2047257709 238
2620611033 7
2718456469 917
661822259 48
2098391163 68
1430593420 468
4292704232 631
4145702622 823
4178847968 51
4278492076 401
3666708511 870
1135077154 501
4185560971 524
2097681130 412
4182362041 393
3979776153 732
2085492402 688
3286119580 630
3796934109 723
3296965718 1017
3621878734 819
4108959090 538
2794890026 165
2656141913 427
362871440 365
1502243865 60
2538122721 121
294669370 851
1623855941 891
894595925 866
3141665114 375
3369561741 637
3193800345 841
2587671765 778
2070975333 240
3625482770 60
2382285634 761
3267344520 1008
1561463642 440
1655858416 640
3994350619 398
2179036473 982
2294024057 332
4115748862 458
356841395 1020
3191266863 421
4241139758 129
1295856567 861
169491086 196
2354907679 411
4240777612 364
988370869 792
2080369439 129
3908335058 915
2539022914 776
2330460710 899
3793050280 853
977011967 382
612462144 354
1959153662 711
1752841974 974
2737315552 812
3278243407 551
3072662613 589
3993423306 586
664217613 451
865761636 368
315180068 674
884338079 885
3610861847 667
356237118 433
2722191777 247
1647854864 766
21890032 646
1193758691 71
3724350814 309
816257770 885
2386905451 281
2405242895 98
3872008646 155
3214432258 1
1593648778 735
1123593312 295
18454612 228
154735894 70
3771936715 500
3241109447 362
2708479517 419
1557626206 296
972910126 791
829192015 1023
1320017082 243
3411548356 577
3936454986 485
2746027802 862
1034998572 595
1308865923 11
719667530 801
3395809163 774
1055283665 1004
3939111841 534
232081349 229
2546423256 836
1094629466 826
104347255 832
3774647178 220
4100054126 858
2486222772 220
4292503368 106
2064560923 725
443812691 159
508544899 416
479167995 116
907433355 593
3166592465 962
297581631 517
4279337807 42
1156787473 233
2311158866 741
2390241809 225
3722910927 468
2243876339 201
3004539731 6
1525010846 259
489175386 709
1240129095 378
3775034053 474
1987958441 882
1823627520 761
3543877681 701
1477018215 935
1298288505 781
2075476750 833
1130809212 320
3544922833 431
1358150390 866
1084383531 83
4052537413 461
134992433 304
1899851769 832
248348380 763
3723823353 928
4182997155 760
428788445 735
4056276923 319
2020930636 666
2192672991 977
2999580504 274
165321744 761
1073994431 651
3092337825 762
2251791569 905
1282634404 194
670111360 591
2432594810 77
41887006 6
634142068 305
2049235730 739
3472892295 625
563479585 254
1351661029 962
936604995 469
1625241851 410
3546811656 156
1601240069 5
209944623 201
2398567837 215
1166308885 997
1817301184 916
1745286838 499
1616839166 624
3969534671 307
2002922217 652
1476567861 463
485321626 275
3976643113 905
3188966108 328
1622618 643
4086094073 71
4139409461 324
232755151 350
2621603043 527
2860429615 903
3076077537 251
381875887 204
1745362152 590
701344743 851
1598608638 372
2156332082 13
1901588909 37
715019836 361
1884862423 404
86906247 626
2660206468 924
774406905 814
990553305 137
4227015732 71
22056926 959
1505997819 367
2777729164 126
1831762933 716
2715379695 805
170972522 456
1078055971 580
4218221751 553
1011447891 887
326940904 208
2433787552 851
2619821317 301
4239118062 371
2126469076 582
1904835778 296
34785965 459
2427478983 22
2546797014 684
930069834 842
1800842605 678
4093910318 499
130100508 819
771106067 921
2624378217 196
1152401400 236
4291971849 340
1594166825 771
4288792952 209
2860536971 691
3641801477 770
2535708627 833
3566584935 346
743779006 364
3407637317 107
4098035044 399
2416097414 815
1209437725 27
3368637206 249
889776893 650
77212735 207
2711790591 899
1208925238 809
3908770313 483
112453898 418
3691617441 785
378521413 1001
901248265 1000
3212882778 33
412636311 795
2046780099 5
3389221070 917
2214625514 79
231551271 240
3423795230 935
4268403834 72
3400682738 165
214045036 608
1655159989 792
1494025970 404
2534655424 326
1713745571 77
2532318492 310
1072433270 21
2852269019 24
4059375792 911
3800101456 179
241239764 785
2428116269 760
2634794802 435
1099933444 761
2584334635 977
3472683545 280
2922860331 988
2629519659 565
3207404335 94
3195541012 443
2799399515 979
2432795959 428
1582359973 761
2755151667 204
1231968161 352
3400361811 488
3083297947 746
4269283964 210
635097272 920
1363666395 487
1324210396 28
4269000821 873
3985142836 948
1086355955 289
752917928 154
3817521046 648
3087077158 572
1714068860 615
2845760919 576
4081445181 228
1823893841 157
3898441933 855
3721922071 77
1809023320 882
3841156144 960
598613128 858
4149875852 630
3259688641 551
2974860472 29
1294760986 927
821770348 239
4107937029 211
602540497 451
247566278 334
1392175384 923
2910084579 345
2734664018 778
847929535 800
882537458 865
891724126 926
3709627187 438
1228892391 950
2033387555 40
1943295421 15
4130111480 48
4160187108 98
919668046 92
55488665 103
1365568804 968
3807715642 125
3802756836 607
1159436008 678
3128464430 958
3664047543 199
1638854944 647
127257829 888
3947081946 984
3233319972 491
1863918743 18
3306457395 316
3802615216 132
3258580723 218
3265672406 146
2699862555 227
2696446870 574
4192624398 807
1272616912 413
3670220425 917
651781866 103
4099685187 611
288043616 13
1093921479 486
682800038 358
2755161640 299
4180196150 472
649357971 599
3055662670 779
457948703 397
1173832082 523
515325671 281
3024945107 423
465024269 494
304212933 87
269260058 590
2046955842 186
411515747 757
3924139882 136
13910442 691
49388207 27
178390382 665
1333049926 709
3856965543 3
3460960255 552
2894487867 7
2228657405 891
792100443 951
4227094195 454
3173795320 928
3548866870 739
1273125946 409
1949661761 851
22585327 223
3444808895 412
1225192434 614
2162971067 867
3745008971 853
3292846652 721
759215506 26
3388959068 881
1859914381 482
1780454525 62
3373069182 816
2229647567 957
1994455712 200
4005866090 784
714151115 445
2606057563 647
4130633138 608
4076836951 588
1688278759 828
784337283 832
645620148 231
3153110801 528
2498387532 371
1460749393 978
2680604993 524
505178059 505
822507701 127
70591429 520
3583600035 587
1569312710 212
1251345561 818
2575046249 388
1593652398 629
1015577995 703
3997959655 807
2379811873 679
505953310 866
453963242 398
2039614708 218
587118737 729
22237279 113
1320549756 35
2845725856 494
3037754659 863
1284071336 993
3253043845 101
798183513 580
2943325479 649
4034433909 299
3713310093 742
2085952140 205
3176023575 40
484065516 645
2124338950 336
3836191025 525
3922301692 828
1403346178 345
775337555 879
178114713 923
3643958171 874
3191999994 1023
153123158 593
745336863 879
1537523985 577
526468232 878
829806802 0
118633848 858
4139755201 354
3581979284 36
3724097694 232
4019739786 40
1643743664 180
2303661250 938
2463326344 570
1356820249 808
704117012 804
4205201556 996
2830136869 821
1619954452 264
2895304320 440
1191475580 261
1739134410 122
2015856993 918
1275528862 356
2502290469 268
369540481 662
1612704079 627
505706384 201
4198095831 326
881527245 408
2949940925 542
2595940419 1023
3241148584 692
1074044302 13
4147788570 9
4253907717 920
2308025266 498
2075773170 161
3277360390 707
1930096879 790
1149962473 31
846853249 332
2504667258 684
2201153734 385
3388777286 703
364014528 315
1620262834 723
138475387 606
4081491310 247
3519875601 575
2678502563 908
2009652417 432
291297329 832
911614068 431
2633663345 228
3837308149 449
1881142413 318
2044753126 983
1735388304 410
432846462 431
2029287262 305
2687879045 428
3460500924 36
192568476 477
3171517892 639
15916107 597
3194457982 833
2956310920 284
3425269404 233
2074498316 573
3760699923 927
1540248209 362
3589089989 482
4032918164 895
756280216 883
3285368851 200
3211787471 998
3293307955 75
3480228893 438
1996726144 411
272944982 599
3138548368 378
3450915300 1021
84242578 522
3308375750 579
1066009411 832
2373085636 400
1734984817 665
463468363 308
2588497986 780
63207183 531
4237963360 6
3644196627 332
704049928 816
2631902158 391
2354973175 404
481185750 297
2457740011 202
1325571902 525
4256467279 37
4140652681 25
4087370255 161
4281619944 426
4214743823 348
1112509083 421
2721603760 626
969939773 740
2731900219 126
267880298 401
203864768 423
809926487 603
670132971 226
523419136 219
3572845194 748
2113714695 681
3337747277 936
3657238576 658
3392643296 265
3856455855 426
578663704 957
4070445424 20
897147215 18
1275639418 996
282783576 315
1412046222 235
3466770532 520
1823560326 431
3440751749 846
1741003239 466
1294589409 738
3353635922 444
978104323 68
3950741551 871
1844100273 309
3601502609 690
3871522807 983
3918672727 239
2875121063 25
871339589 469
980342008 385
1706098395 809
2290255327 203
3756877238 970
796051793 952
406479998 867
403213429 557
4224133857 988
1355801001 955
4053488134 560
3644567653 651
2584447094 686
2617979520 896
56151465 827
411347836 922
3622035208 700
3193900529 67
2634139892 714
291417854 277
2509313830 902
2137711072 726
2889332267 113
1936967738 496
2201087486 181
525877069 138
3908363295 60
1303869561 958
2761905727 686
1996231812 984
2062604581 117
1106105033 812
3834467924 955
2241311281 118
2237628206 325
3447673987 149
547371866 740
1441507677 622
3822756706 204
2892880389 208
2532922648 73
1242987787 199
4014143891 321
1650251809 836
1635100108 78
4151005296 778
2831986936 469
289959549 236
1892999411 100
452010443 781
4278069527 319
3503355059 161
143573554 907
3885859128 1010
3841153548 504
3398921537 332
2795124107 710
2983732582 253
1212120705 713
2042070604 878
2366147559 511
908715959 724
2107607750 15
896109970 824
4189138981 425
106798709 400
1352010111 118
3494537258 212
3674297448 376
1098221800 246
178681513 902
2214198361 270
3172375741 516
568096776 13
1882697837 493
2275457279 818
26178955 697
1791572127 579
1241828774 821
1794428251 509
1230657188 731
1077996369 950
1388623978 987
3363436074 874
3418589809 536
3534472377 534
2797157394 624
1416638108 971
1561914787 949
3384398932 867
1226998567 273
247872960 313
1355320137 804
3600855613 408
368968099 399
2172043877 117
3494462654 201
2651298478 307
3122426545 364
2453931345 291
1675378907 885
1315165165 500
1542236455 941
1306633711 84
1115583735 173
3358363797 870
2405273389 642
4043328752 458
2078691371 389
2333121986 909
897300093 402
2851783319 837
2435997313 835
1808043911 1008
3384456523 63
459528712 505
3816748924 420
4290131326 629
4066497997 807
954086719 954
2191046085 709
414360831 792
1069914074 589
3799848983 606
1080961179 422
2303358595 657
599967371 289
1132378102 321
385729190 877
1647629463 908
2791737284 66
4275379575 686
836542489 655
4065783416 594
85945205 1020
684521055 869
3740664617 708
1504879090 140
2806291524 1022
4058896244 823
3585739822 864
208821667 659
2889121050 756
3098893890 962
3728193302 657
2558270351 111
1204100182 404
1715995152 178
4262711055 740
2235586809 934
2722091717 753
