10 20
521155213 375154997 321550763 77981353 996066315 159749441 466982325 251600815 668152482 56921927 903974468 680622604 716705880 85588053 193488931 620222719 700706857 405841840 535286424 900607564 
835739983 249821944 761773522 178337942 117157099 348009026 136233838 630197180 540317582 194849358 141386930 817264706 119398645 261190882 844091244 909133461 881680085 786096092 140710647 398270207 
190547454 154182309 199236785 188079766 316115979 787604737 301483059 309192994 850305582 595741183 387572572 515734823 643086665 20655173 779648445 813365017 532902375 922084891 3243699 888820546 
434176081 55113156 894549962 466448193 171231256 904743142 217196125 798168563 356292364 77806917 839455121 978583571 985256346 602194830 467230987 843653572 162749919 587913705 237151709 645925439 
788111119 179686121 538567769 987293918 553932996 291696086 48165312 82163836 464762808 920363621 550543172 932540060 847671479 161873069 476328421 913960850 4517449 947885812 833313269 403973192 
934934440 479903213 937817938 666554676 397342094 214584081 538435385 389096743 927113166 688456131 605834339 183157275 872075249 605344939 348326872 568022698 658867905 66361659 359875023 281102620 
447623749 734806915 969934284 323719006 56075589 971512182 753846496 309183407 686007425 760769275 26051530 292079803 759910172 908409627 74426999 953058568 189026699 825382409 427942145 421145356 
787239846 803426682 864931723 980618499 56081408 199125416 940952616 748519107 366918712 110292728 974640975 437980983 191978075 267803008 486416252 649561415 903572882 925782479 930245318 258897636 
608839966 760783293 303396258 67122587 55869573 154480845 752750387 242926171 155171458 960871923 967182287 834821981 720648744 847858681 220723189 35009881 900743621 550259245 249121940 246704759 
204861294 453639542 764282889 485897383 259357630 246138195 127102407 169710988 803709275 808399926 986745730 894943301 925220139 666107247 767445380 625466482 265240444 980812643 652244118 583739976 
