10 20
996364131 208601080 892705402 47189630 121499837 867618946 150153241 120079576 107469249 534425722 966448322 490476286 974778539 683012353 311080573 882589913 949886059 502046644 66605859 180092223 
518033577 304452837 564402021 784982184 864146081 717062636 786062334 32266982 883843226 442208816 185272634 945477204 800980378 134642384 485312865 409812006 749539952 537307433 310304903 187177695 
743870886 583413215 594106718 836200320 700237010 212574861 260043445 333052825 955267348 541339017 140292902 392522804 31171773 200838135 456808587 359570589 760452447 920121765 211498909 77725637 
168560639 468859189 120521444 32497004 546979357 561163985 604727951 838909039 2465274 429638863 440328215 168359652 99166308 144974796 946976087 146536233 428959754 362134468 992501117 561182091 
743752413 288293145 88678019 871867366 444764060 149934861 151953622 434151792 243500143 46928373 943187832 430674054 554489062 976299893 290119959 358442825 186294957 786216622 411640914 784759985 
284445589 749878808 606173385 828150288 250839651 964276744 386863980 682028693 705379071 281712654 263167085 712537325 968347247 483509549 467936298 43995560 676222384 584921853 242222706 680386501 
883659775 429091791 564969565 256213949 153924787 569473136 93827600 255135704 304376592 883790713 304441822 744998838 835721237 118213097 750818620 797896978 14315071 920974795 264243314 868369864 
917266158 912459219 892634801 160513458 940350345 493683243 149491704 348380903 556359356 916706444 893010043 678136267 16591621 485163724 897842555 809691810 612191352 346642619 871119736 140177822 
124848771 206541364 621740214 175279434 541746073 765092196 367329213 370771247 862649704 147944909 728709772 170904183 906302655 966111404 151190255 738942517 960797977 411233506 117280705 857312133 
97193735 924376870 465376828 726450246 647339316 151299778 970374385 434778323 29785514 500384644 977338065 765722431 289625342 783307217 727773428 746766213 345527985 613712606 615621188 721799702 
