10 20
270641683 626759367 19626415 310132095 719870286 668229683 865539889 901075799 905696500 375797724 865818285 10490065 135279836 435781541 137926223 9831486 213687033 227787472 600291784 999838482 
300706757 603128402 882121708 7779755 615512203 286530558 584631337 771654580 327006078 435972847 188993091 689330853 159103994 751840938 827668045 839994258 965203368 489439951 243796671 556137680 
729415225 181970956 566978520 23013099 441190114 251704080 220050288 740823687 804908519 349588301 556462157 261721310 568880155 254686314 752892542 359208116 737699585 973879378 642335595 448987575 
644913213 258935940 805207632 297511631 48245290 604105936 165065159 703348269 781911867 363085663 134017517 127485279 339684923 594194292 809294952 898659239 303882156 267708642 647275088 265622750 
313241956 970585151 690669319 312434281 365897855 595331866 559629389 462697234 922460166 243339026 493578319 752799014 739936089 914250459 387094183 988952349 363113061 741538729 147604762 255872158 
261591154 58919442 918576280 460353815 363788956 752733583 566167701 10470041 935876065 356394391 268290907 447418161 560636341 634428014 857541211 483284007 602055671 264879530 964884853 138978149 
813114636 532707426 131551275 477637404 462771505 571868689 170926617 707547915 58713464 495305096 855380354 380185557 643836223 38282399 273164934 706103818 836328505 585469622 205915624 12426237 
121855041 329722862 533604550 564463164 419713756 257779964 72018286 62514303 544511631 358199866 880628556 466893490 51008720 272367046 473220565 420904205 606055203 848901194 298115247 895369806 
891182348 565966992 201455079 952574986 430759174 803769195 55528316 242041748 46605413 474970945 478589342 736106076 749691372 709560026 825820584 643820070 912393112 643408552 232710682 976525796 
329310028 372546194 216848568 689408560 730551949 969805277 70721545 688804992 177488452 832009795 612021520 521686213 945314925 935966198 732830906 652891597 391339679 275931722 375073328 482222573 
