100
635201 702667 640232 758843 454433 518957 201337 88868 594847 511959 954703 488677 201337 722584 5176 702667 884667 516053 171922 518957 691096 702667 884667 381886 237911 179175 758843 511959 511959 722584 635201 381886 5176 201337 465446 745836 954703 287579 594847 640232 511959 488677 594847 954703 691096 884667 5176 758843 367907 511959 5176 895719 640232 465446 632707 895719 758843 884667 512828 5176 512828 978001 745836 179175 640232 664890 5176 512828 20669 516053 758843 237911 88868 722584 702667 88868 512828 179175 954703 201337 702667 516053 702273 884667 632707 454433 5176 745836 465446 511959 20669 594847 895719 664890 691096 594847 454433 594847 179175 488677 
100
14 99
5 80
7 85
3 95
10 91
15 90
4 86
7 96
7 98
16 97
9 96
11 94
13 93
17 93
2 84
1 93
10 97
8 85
16 96
9 98
4 87
19 97
5 88
3 93
13 97
18 96
3 78
1 85
11 100
5 91
9 91
1 79
3 87
12 95
11 86
19 100
2 78
12 100
8 97
11 87
15 99
3 81
7 86
3 80
7 99
5 90
17 97
14 93
14 93
13 94
3 84
9 88
8 97
9 90
5 94
5 84
2 79
9 88
11 91
2 91
13 89
4 90
11 93
12 99
5 82
7 83
16 94
11 87
2 84
10 90
8 85
5 90
3 89
4 80
24 100
3 92
4 95
8 98
20 99
19 95
1 90
4 81
11 88
25 100
2 97
22 98
8 95
5 90
13 88
6 85
2 87
6 83
10 86
9 89
2 94
7 87
10 99
8 83
7 83
2 96
